0 0.501993 0.49686 0.186798 0.242008
1 0.56661 0.0623621 0.866781 0.123931
3 0.524706 0.0625463 0.950588 0.125093
0 0.767523 0.0626182 0.464953 0.125236
1 0.410022 0.057282 0.820044 0.113858
0 0.21244 0.0633365 0.424879 0.125546
1 0.274449 0.0575834 0.548898 0.114206
0 0.671827 0.0591645 0.652158 0.118329
3 0.505259 0.936459 0.936829 0.125588
0 0.245945 0.0641475 0.491889 0.128295
0 0.224834 0.937626 0.449668 0.124749
0 0.560403 0.0642229 0.610667 0.128446
0 0.119082 0.056522 0.237063 0.112276
0 0.36156 0.0642302 0.617177 0.12846
3 0.135087 0.538824 0.270174 0.648763
0 0.11459 0.935997 0.225577 0.128006
0 0.656767 0.386898 0.614925 0.525732
3 0.0842337 0.531587 0.168467 0.616864
0 0.078845 0.0545763 0.153388 0.108684
1 0.655793 0.936066 0.688414 0.123812
0 0.181982 0.199116 0.359733 0.152357
0 0.640791 0.325669 0.690606 0.394302
0 0.759506 0.941027 0.480988 0.117946
1 0.12682 0.0602653 0.252092 0.119558
1 0.954405 0.935116 0.0911905 0.129767
1 0.335512 0.935653 0.671025 0.122642
0 0.534816 0.361612 0.829595 0.468492
0 0.073878 0.526274 0.144003 0.634271
0 0.0822212 0.934176 0.161382 0.131647
1 0.946053 0.0680807 0.107894 0.136161
0 0.910618 0.0575533 0.173059 0.113377
0 0.211728 0.790362 0.423455 0.169476
0 0.617857 0.197174 0.422759 0.145706
0 0.188407 0.232112 0.375 0.221635
1 0.809908 0.0608389 0.37775 0.118459
0 0.651001 0.940533 0.661704 0.118935
0 0.264397 0.940181 0.528793 0.119638
0 0.499523 0.940996 0.656839 0.118008
0 0.861643 0.936843 0.27568 0.126314
0 0.349813 0.37966 0.190764 0.151086
0 0.935595 0.054839 0.122647 0.109678
0 0.575268 0.804459 0.562113 0.140792
0 0.115565 0.91157 0.230542 0.175041
0 0.373466 0.365442 0.223159 0.140619
0 0.71786 0.300486 0.561261 0.346043
0 0.423817 0.563829 0.0627871 0.112497
0 0.73186 0.455283 0.533397 0.656031
0 0.944248 0.935905 0.110329 0.125181
0 0.569038 0.178674 0.45089 0.107873
0 0.349942 0.940497 0.655485 0.119006
0 0.398104 0.6146 0.106021 0.165699
0 0.22539 0.968159 0.450781 0.0636819
0 0.0736971 0.444197 0.147394 0.419791
0 0.443767 0.207177 0.329764 0.167318
3 0.328644 0.477698 0.646761 0.703807
0 0.386959 0.301368 0.263308 0.205043
0 0.0227983 0.747805 0.0442244 0.397967
0 0.921052 0.935776 0.157896 0.128448
0 0.555564 0.825674 0.603629 0.101504
0 0.130388 0.953243 0.260776 0.0901316
0 0.350945 0.577995 0.116499 0.131671
1 0.962095 0.905011 0.0716763 0.189979
0 0.327764 0.545098 0.116052 0.152979
3 0.491642 0.502082 0.209099 0.252833
0 0.326004 0.582508 0.117402 0.155626
3 0.0593871 0.931189 0.112423 0.132449
0 0.194599 0.178643 0.388309 0.103571
1 0.77973 0.935568 0.429811 0.124632
0 0.0222697 0.855963 0.0420849 0.288073
0 0.652887 0.819596 0.615934 0.116784
0 0.230825 0.793343 0.46165 0.164789
0 0.791283 0.200802 0.417434 0.153508
0 0.21956 0.831878 0.43912 0.0889409
0 0.24361 0.972849 0.48722 0.0537211
0 0.791913 0.295517 0.413578 0.326133
0 0.348596 0.541866 0.114253 0.132731
0 0.711113 0.708516 0.100597 0.192968
0 0.32898 0.508452 0.133379 0.176418
1 0.963832 0.0896213 0.0687954 0.179243
0 0.419338 0.445559 0.290253 0.281665
0 0.386788 0.394972 0.256217 0.178689
0 0.0278811 0.925155 0.0540487 0.149691
0 0.0672865 0.783745 0.133346 0.198872
0 0.709458 0.189925 0.373006 0.129154
0 0.393326 0.639207 0.125589 0.182306
1 0.555059 0.168792 0.0875162 0.0909798
3 0.886285 0.934291 0.222978 0.124712
0 0.403352 0.260518 0.304113 0.244011
0 0.416711 0.311214 0.170892 0.161739
0 0.370329 0.574351 0.107561 0.11128
0 0.488373 0.700878 0.162695 0.262568
0 0.656788 0.236874 0.362162 0.227743
0 0.836112 0.684484 0.327777 0.383102
0 0.429191 0.351587 0.112095 0.128186
0 0.351702 0.418397 0.162615 0.204433
0 0.500021 0.279591 0.994234 0.520089
0 0.0890883 0.786528 0.176615 0.169927
0 0.686627 0.697541 0.10182 0.157796
0 0.0337806 0.831354 0.065467 0.267573
0 0.333497 0.460504 0.15739 0.232384
0 0.0453747 0.767093 0.0891959 0.262878
0 0.738608 0.703871 0.113791 0.225869
0 0.844489 0.334213 0.310891 0.403111
0 0.0244968 0.386744 0.0480267 0.386405
0 0.334486 0.64913 0.192682 0.178547
1 0.962709 0.922452 0.0738899 0.155096
0 0.027653 0.768138 0.0504857 0.219595
0 0.276538 0.812262 0.553075 0.130324
0 0.915469 0.223176 0.169062 0.198273
0 0.408121 0.388625 0.810644 0.522416
0 0.765922 0.973181 0.468156 0.0536384
0 0.842894 0.422449 0.314212 0.583568
0 0.0575039 0.838875 0.112857 0.262472
0 0.16458 0.935848 0.32916 0.128304
2 0.0786321 0.684338 0.157171 0.365509
0 0.342782 0.724783 0.292135 0.258662
0 0.39677 0.693189 0.164668 0.259046
3 0.865615 0.0609999 0.268771 0.122
3 0.199883 0.527952 0.398856 0.685502
0 0.0224099 0.42416 0.0448199 0.569534
0 0.421424 0.693949 0.168967 0.279769
0 0.594738 0.760641 0.221973 0.12698
0 0.786315 0.804754 0.427371 0.136192
0 0.280454 0.196373 0.416054 0.146818
0 0.144199 0.213377 0.288397 0.184671
0 0.728237 0.813319 0.543526 0.129023
0 0.514897 0.533527 0.219377 0.160174
0 0.323153 0.654171 0.270495 0.176139
0 0.175714 0.275337 0.351427 0.284765
0 0.307311 0.547191 0.130974 0.171746
0 0.0369515 0.729909 0.0726344 0.325091
0 0.264061 0.377579 0.0923029 0.177507
0 0.354868 0.612805 0.124613 0.151288
0 0.023603 0.892399 0.0470575 0.215203
0 0.5068 0.187397 0.288663 0.125227
0 0.110641 0.114103 0.221282 0.228207
0 0.361846 0.645081 0.147979 0.175777
1 0.955627 0.0628593 0.0887455 0.123725
0 0.305877 0.585663 0.130415 0.169971
2 0.0716837 0.765935 0.143309 0.232893
3 0.919523 0.934484 0.145287 0.123752
0 0.551719 0.842611 0.61049 0.066377
0 0.465089 0.0685712 0.602911 0.12542
0 0.659862 0.220357 0.67844 0.440715
0 0.138336 0.835559 0.276672 0.315854
0 0.81687 0.96641 0.36626 0.0671794
2 0.152023 0.753099 0.304045 0.304203
2 0.497131 0.25344 0.990355 0.50688
0 0.366361 0.712022 0.220969 0.268754
0 0.692033 0.799802 0.600766 0.152983
0 0.819262 0.239837 0.360573 0.234849
0 0.452498 0.327849 0.904096 0.387789
0 0.77092 0.686744 0.143323 0.219315
0 0.290131 0.0623311 0.580262 0.116743
0 0.634849 0.767119 0.250155 0.131118
1 0.0221773 0.105779 0.042394 0.211558
0 0.891695 0.351573 0.216609 0.435452
0 0.949748 0.223184 0.100504 0.239067
0 0.326526 0.6125 0.128697 0.154972
0 0.690172 0.466518 0.14628 0.29721
0 0.524888 0.593375 0.932479 0.813249
0 0.66093 0.68857 0.108623 0.136374
0 0.862936 0.290161 0.274039 0.325758
0 0.410437 0.809903 0.545887 0.132419
0 0.709572 0.630652 0.0864655 0.130349
0 0.676313 0.842118 0.636257 0.0709302
0 0.805007 0.674135 0.180793 0.19894
0 0.0668556 0.886401 0.131076 0.219092
0 0.0623818 0.408135 0.123825 0.37247
0 0.684195 0.631627 0.0898928 0.129976
1 0.0336703 0.933301 0.0673407 0.133397
0 0.45305 0.306723 0.14098 0.154498
0 0.424836 0.632877 0.119611 0.207432
0 0.0736389 0.72812 0.146936 0.286921
0 0.718901 0.477904 0.146322 0.266986
0 0.0369282 0.934934 0.0738565 0.129119
2 0.0684813 0.706627 0.132449 0.299182
1 0.938753 0.936171 0.116487 0.127658
0 0.935127 0.318602 0.126686 0.344812
0 0.76957 0.926973 0.46086 0.122255
0 0.731219 0.0682481 0.537562 0.126662
0 0.269815 0.325767 0.0976343 0.200012
3 0.355912 0.93404 0.711823 0.127009
0 0.809883 0.774608 0.37828 0.203306
0 0.734612 0.630453 0.0945663 0.144377
0 0.237906 0.837064 0.475813 0.0772043
0 0.0856571 0.122103 0.166115 0.243725
2 0.706938 0.933737 0.581893 0.129106
0 0.221938 0.928817 0.443876 0.122371
0 0.757978 0.765834 0.231467 0.212672
0 0.404001 0.838891 0.586705 0.0729363
0 0.6109 0.534056 0.0812832 0.262748
0 0.326489 0.973446 0.630623 0.0509916
0 0.346913 0.355478 0.180464 0.149352
1 0.990907 0.9188 0.0111679 0.1624
0 0.691881 0.288706 0.260087 0.273673
0 0.911743 0.181411 0.176514 0.118231
0 0.021098 0.719768 0.0393613 0.294866
0 0.368628 0.540912 0.105525 0.126564
0 0.193754 0.59706 0.382332 0.263022
0 0.132973 0.791067 0.262665 0.169622
0 0.577591 0.2182 0.451308 0.188772
0 0.361187 0.287128 0.220483 0.260437
1 0.0275248 0.0654713 0.0532262 0.130943
0 0.206959 0.650571 0.409454 0.199593
0 0.476674 0.974315 0.634827 0.0488078
0 0.426661 0.234547 0.333325 0.203457
0 0.990494 0.925799 0.0122787 0.148403
0 0.313556 0.736112 0.387649 0.223419
0 0.657613 0.635129 0.0917221 0.135158
3 0.174834 0.429474 0.347426 0.588268
0 0.550648 0.438681 0.141081 0.17202
0 0.252238 0.825705 0.500442 0.339714
0 0.022871 0.0913806 0.0450008 0.182761
0 0.721726 0.418429 0.149481 0.260356
0 0.385324 0.198644 0.318525 0.151179
0 0.0288718 0.334643 0.0567482 0.365934
0 0.260562 0.411835 0.104822 0.194318
0 0.0690011 0.170806 0.135258 0.235862
0 0.673401 0.777246 0.236275 0.148884
0 0.0470685 0.152192 0.0928382 0.237366
0 0.658634 0.462075 0.137131 0.289421
0 0.93967 0.184874 0.12066 0.200444
0 0.904277 0.280279 0.191447 0.291835
0 0.639373 0.528085 0.0931047 0.262191
0 0.472679 0.794847 0.556226 0.158804
0 0.78041 0.17937 0.43918 0.108907
0 0.777884 0.836679 0.444231 0.0840557
0 0.652684 0.974328 0.638494 0.0488007
0 0.0250965 0.967432 0.0482655 0.0651362
0 0.867415 0.0610448 0.264763 0.11846
0 0.208255 0.209102 0.411718 0.356595
0 0.888545 0.325237 0.218155 0.263027
0 0.89551 0.925182 0.207452 0.135006
0 0.28127 0.178255 0.513309 0.10569
0 0.362617 0.926252 0.584035 0.119081
0 0.564235 0.515701 0.181325 0.286267
0 0.320308 0.316392 0.640616 0.364749
0 0.590287 0.415882 0.203379 0.204999
0 0.02378 0.929862 0.0458581 0.117424
0 0.31836 0.246205 0.63672 0.426966
0 0.507843 0.92512 0.596772 0.123473
0 0.430444 0.178341 0.442245 0.1029
0 0.711296 0.783556 0.293651 0.162264
0 0.475471 0.626726 0.137905 0.208771
1 0.959003 0.922364 0.0819931 0.0925437
0 0.926289 0.376628 0.144601 0.451204
3 0.500695 0.706754 0.984589 0.586492
0 0.763706 0.632722 0.108967 0.155319
0 0.792456 0.634742 0.129136 0.160142
0 0.689106 0.509781 0.159012 0.246689
0 0.948486 0.267194 0.099313 0.247881
0 0.965562 0.960512 0.0688768 0.0789757
0 0.957062 0.17936 0.0857094 0.21732
0 0.848516 0.646148 0.294598 0.21495
0 0.486263 0.537371 0.153638 0.168412
0 0.60952 0.928024 0.614781 0.12386
0 0.157109 0.529009 0.30098 0.299656
0 0.868396 0.528651 0.261922 0.322254
0 0.293963 0.67 0.310126 0.184075
0 0.882066 0.176003 0.235605 0.101314
1 0.990865 0.0788596 0.0113625 0.157719
0 0.0223853 0.916973 0.0447706 0.166055
2 0.152155 0.546265 0.304311 0.663418
0 0.169081 0.952493 0.338162 0.0950141
0 0.057585 0.494301 0.109625 0.859338
0 0.957548 0.226684 0.0809933 0.19445
2 0.131656 0.172384 0.263312 0.287626
1 0.0587825 0.0669881 0.110857 0.116078
0 0.295288 0.837351 0.578312 0.0785107
0 0.246446 0.722598 0.492892 0.207325
0 0.228469 0.378152 0.0942176 0.162527
0 0.020756 0.765462 0.0385324 0.17016
0 0.457088 0.344919 0.103151 0.119232
0 0.800807 0.757762 0.262281 0.233852
0 0.0829923 0.206551 0.165985 0.183135
0 0.658397 0.412259 0.144738 0.247816
0 0.30445 0.792081 0.522751 0.166307
0 0.638372 0.68222 0.114073 0.129078
0 0.053804 0.935689 0.107608 0.128622
0 0.731887 0.593161 0.0949027 0.138482
0 0.721868 0.516516 0.132886 0.188501
0 0.847377 0.219195 0.304292 0.190984
0 0.698057 0.751982 0.209938 0.173464
0 0.727515 0.553617 0.106902 0.159242
0 0.0181653 0.49438 0.0363305 0.80616
0 0.0232875 0.060691 0.0434277 0.121382
0 0.541829 0.514634 0.107973 0.206819
1 0.051646 0.935605 0.103292 0.128789
0 0.0486393 0.702721 0.0962372 0.338849
0 0.156199 0.466768 0.303727 0.326654
0 0.286347 0.468471 0.145149 0.216762
2 0.287651 0.934396 0.575302 0.126297
0 0.212415 0.693061 0.42483 0.206943
0 0.147728 0.342612 0.294621 0.406421
0 0.895072 0.794877 0.209412 0.164346
0 0.840085 0.79154 0.316859 0.165447
0 0.959072 0.904145 0.0815624 0.184352
0 0.650047 0.508826 0.628918 0.448901
0 0.657187 0.514437 0.11295 0.247543
