0 0.15524663677130043 0.13482300884955753 0.17919282511210763 0.1561946902654867
0 0.4695067264573991 0.15995575221238936 0.2452017937219731 0.21853982300884955
0 0.7682959641255606 0.17123893805309737 0.23130044843049327 0.1445575221238938
0 0.44443946188340805 0.29853982300884957 0.41923766816143493 0.2503982300884956
0 0.8256053811659193 0.37057522123893805 0.22762331838565023 0.17716814159292035
0 0.14219730941704037 0.35146017699115045 0.18573991031390136 0.1832300884955752
0 0.1415695067264574 0.5842035398230089 0.18044843049327355 0.21022123893805308
0 0.36475336322869956 0.5817699115044247 0.20690582959641257 0.26977876106194687
0 0.7267264573991031 0.5349115044247787 0.4579372197309417 0.09960176991150443
0 0.8233632286995516 0.7326548672566372 0.23533632286995515 0.24163716814159292
0 0.600762331838565 0.7761061946902655 0.1652914798206278 0.1515486725663717
0 0.28340807174887894 0.7935840707964602 0.4641255605381166 0.17446902654867258